Wear at the center not consistent with wear profile:
[22, 17, 255, 353
Negative or almost null values of wear centre:
[22, 25, 56, 73, 86, 75, 93, 103, 133, 131, 188, 257, 271, 338, 365, 363, 380]
Negative or almost null values of profile:
[25, 56, 86, 75, 103, 133, 131, 148, 257, 256, 251, 271, 338, 365, 363, 380]
Only profile:
[18, 70, 120, 117, 148, 154, 205, 256, 251, 281, 305, 301, 390, 383
Limit profiles
[100


# Old stats
missing_prof = [99, 114, 178, 221, 226, 229, 235, 248, 248, 366]
doubled_profiles = [78, 337]
wrong_format = [3, 7, 26, 29, 44, 45, 71, 78, 82, 84]
no_end_measures = [33, 66, 143, 276]
missing_cyl = [9, 69, 122, 124, 125, 140, 142, 146, 149, 153, 203, 258, 276]
aberrant_data = [4, 18, 70, 117, 120, 137, 143, 148, 154, 205, 281, 301, 305, 390, 383]
null_data = [22, 25, 56, 75, 86, 103, 251, 256, 271, 363, 365]

total = [3, 4, 7, 9, 18, 22, 25, 26, 29, 33, 44, 45, 56,
            66, 69, 70, 71, 75, 78, 82, 84, 86, 99, 103, 114, 117,
            120, 122, 124, 125, 137, 140, 142, 143, 146, 148, 149, 153, 154,
            178, 203, 205, 221, 226, 229, 235, 248, 251, 256, 258, 271, 276,
            281, 301, 305, 337, 363, 365, 366, 383, 390]