f6t,Train:
[1,2,4,6,9,11,13,14,15,16,17,18,23,24,28,32,34,35,36,39,41,42,43,46,47,49,50,52,53,57,58,59,60,61,62,63,64,70,73,79,80,83,87,89,90,91,92,94,97,105,106,108,110,111,112,113,115,117,118,121,123,124,126,127,128,130,132,134,135,136,140,141,145,148,151,152,153,154,156,158,159,160,161,162,164,165,166,167,168,169,172,173,175,176,177,181,182,183,186,189,192,193,194,195,196,197,198,199,200,201,202,204,205,206,207,208,212,215,218,219,222,223,224,225,227,228,230,231,233,239,240,243,244,245,246,247,251,253,254,255,259,260,261,262,264,265,266,269,270,273,274,277,278,279,280,281,282,283,284,285,287,288,289,290,293,294,295,296,298,299,300,302,304,306,307,310,311,312,313,315,316,317,318,319,320,321,323,324,327,328,329,333,334,335,336,337,338,340,341,343,344,345,347,348,349,350,353,355,356,357,358,360,361,362,363,364,367,368,369,372,375,376,377,378,379,382,383,387,389,390,394,395]

6t,Dev:
[5,8,10,12,19,20,21,22,27,30,31,37,38,40,48,51,54,55,65,67,68,77,81,88,95,96,98,100,101,102,104,107,109,116,119,120,129,133,137,138,139,142,144,147,149,150,155,157,163,170,171,174,179,180,184,185,187,190,191,209,210,211,213,214,216,217,232,234,236,237,238,241,242,250,252,263,267,268,275,286,291,292,297,301,303,305,308,309,314,322,325,326,330,331,332,339,342,346,351,352,354,359,370,371,373,374,380,381,384,385,386,388,391,392,393]

f6b,Train:
[1,2,4,6,10,12,14,15,16,17,18,19,24,27,30,34,35,36,37,40,42,43,46,47,48,50,51,53,54,58,59,60,61,62,63,64,65,70,73,77,78,80,81,87,88,89,90,91,95,102,104,106,108,109,110,111,112,115,116,119,121,123,124,125,126,128,129,132,133,134,138,139,142,145,149,150,151,152,155,157,158,159,160,161,163,164,165,166,168,171,172,173,174,175,176,177,180,181,182,185,187,190,191,192,193,194,195,196,197,198,199,201,202,203,204,206,207,210,215,216,218,219,222,223,224,225,227,228,230,232,234,237,238,241,242,243,244,246,250,251,252,253,254,255,258,259,260,261,262,265,266,267,270,273,274,275,279,280,281,285,286,287,288,289,290,291,295,296,297,299,300,301,303,304,305,307,308,309,310,311,312,313,314,317,319,320,321,323,324,325,327,328,330,333,334,335,336,337,339,340,342,343,344,345,346,347,349,350,352,355,357,360,361,362,363,364,367,368,370,371,373,375,376,378,379,381,382,386,388,389,390,393,394,395]

f6b,Dev:
[5,8,11,13,20,21,22,23,28,31,32,38,39,41,49,52,55,57,66,67,68,74,79,83,92,94,96,97,98,100,101,105,107,113,117,118,127,130,135,136,137,140,141,144,147,148,153,156,162,167,169,170,179,183,184,186,189,200,205,208,209,211,212,213,214,217,231,233,236,239,240,245,247,263,264,268,269,277,278,282,283,284,292,293,294,298,302,306,315,316,318,322,326,329,331,332,338,341,348,351,353,354,356,358,359,369,372,374,377,380,383,384,385,387,391,392]

f7t,Train:
[1,2,4,6,10,12,14,15,16,17,18,19,24,27,28,31,35,36,37,38,39,41,43,46,47,48,49,51,52,54,55,59,60,61,62,63,64,65,66,68,70,77,78,80,81,87,88,89,90,91,95,102,104,106,108,109,110,111,112,115,116,118,120,121,122,123,125,126,128,129,133,134,135,143,146,148,152,154,155,156,158,160,161,162,163,164,166,167,168,169,171,174,175,177,180,183,184,185,189,190,191,194,195,196,197,198,199,201,204,206,207,208,211,213,214,215,218,219,223,224,225,227,228,230,231,232,233,238,241,242,243,245,246,247,250,251,255,258,259,260,261,262,263,264,267,268,269,274,275,276,278,280,282,283,284,285,286,290,291,292,293,295,296,297,298,300,301,302,306,308,310,311,312,313,314,317,318,319,320,322,323,324,325,327,328,330,332,333,334,335,337,339,340,341,342,343,344,345,346,347,351,352,353,355,356,357,358,360,361,362,363,364,367,368,371,373,375,377,378,379,381,383,386,387,389,390,391,392,394,395]

f7t,Dev:
[5,8,11,13,20,21,22,23,32,34,40,42,50,53,57,58,67,69,73,74,79,83,92,94,96,97,98,100,101,105,107,113,119,127,132,136,138,139,141,144,145,147,150,151,157,159,165,170,172,173,176,179,181,182,186,187,192,193,200,202,209,210,212,216,217,222,234,236,237,239,240,244,252,253,254,265,266,270,273,277,279,287,288,289,294,299,303,304,305,307,309,315,316,321,326,329,331,336,338,348,349,350,354,359,369,370,372,374,376,380,384,385,388,393]

f7b,Train:
[1,2,4,6,10,12,14,15,16,17,19,27,28,30,31,35,36,37,38,39,41,43,46,47,48,49,51,52,54,55,59,60,61,62,63,64,65,66,68,73,78,79,81,83,88,89,90,91,92,96,105,106,108,110,111,112,113,115,117,118,119,121,123,124,125,126,127,129,132,134,135,136,141,146,148,152,154,155,156,158,160,162,163,164,165,167,168,169,170,172,175,176,179,181,184,185,186,190,192,194,195,196,197,198,199,200,201,202,203,204,205,206,207,210,212,214,216,217,222,223,224,225,227,228,230,231,232,236,238,239,241,242,243,245,246,247,250,255,258,259,260,261,262,263,264,265,266,267,269,270,273,274,278,279,280,283,284,287,289,290,291,293,294,295,296,299,300,305,306,308,309,310,311,312,313,316,318,319,321,322,323,325,326,327,328,329,330,332,333,334,336,338,339,340,341,342,343,345,346,347,348,350,351,354,355,356,357,359,360,361,362,363,364,367,369,370,372,373,376,378,380,381,385,386,388,389,392,394,395]

f7b,Dev:
[5,8,11,13,20,21,22,23,24,32,34,40,42,50,53,57,58,67,69,74,77,80,87,94,95,97,98,100,101,102,107,109,116,120,128,133,137,138,139,140,144,145,147,150,151,157,159,166,171,173,174,177,180,182,183,187,189,191,193,208,209,211,213,215,218,219,233,234,237,240,244,251,252,253,254,268,275,277,281,282,285,286,288,292,297,298,302,303,304,307,314,315,317,320,324,331,335,337,344,349,352,353,358,368,371,374,375,377,379,382,384,387,391,393]
